204.9	0	0
204.850824	0.016392	0
204.7030911	0.0651582	0
204.4570062	0.1465035	0
204.1127742	0.2600181	0
203.6706	0.4052922	0
203.1308934	0.5817111	0
202.4942691	0.7892748	0
201.760932	1.0267539	0
200.9317017	1.2937386	0
200.0071929	1.5892044	0
198.9880203	1.9123317	0
197.8752084	2.2623009	0
196.6695768	2.6376777	0
195.3723549	3.0378474	0
193.9841574	3.4609659	0
192.5066235	3.9064185	0
190.9409826	4.372566	0
189.2882592	4.8579741	0
187.5498876	5.3614134	0
185.7277119	5.8814496	0
183.8231664	6.4164435	0
181.8378903	6.9651657	0
179.7735228	7.525977	0
177.6321129	8.0972382	0
175.4155047	8.6773101	0
173.1255423	9.2649633	0
170.7644796	9.8585586	0
168.3345705	10.4562519	0
165.837864	11.0568138	0
163.276614	11.6584002	0
160.6534842	12.2593719	0
157.9705236	12.8587044	0
155.2306008	13.4543487	0
152.4361746	14.0448705	0
149.5899087	14.6288355	0
146.6944668	15.2048094	0
143.7527175	15.771153	0
140.7675294	16.3266369	0
137.7415662	16.869417	0
134.6781063	17.3986737	0
131.5800183	17.9125629	0
128.4503757	18.4098552	0
125.292252	18.8891163	0
122.1087207	19.3493217	0
118.9030602	19.7890371	0
115.6785489	20.207238	0
112.4384652	20.6022852	0
109.1858826	20.973564	0
105.9242844	21.3196401	0
102.6571539	21.639489	0
99.3877695	21.9322911	0
96.1194096	22.1970219	0
92.8555575	22.4326569	0
89.5937544	22.6385814	0
86.3131005	22.8084435	0
83.0467896	22.9389648	0
79.798305	23.0297355	0
76.5713349	23.0803458	0
73.3693626	23.0905908	0
70.1958714	23.0602656	0
67.0547544	22.9893702	0
63.9494949	22.8783144	0
60.8835762	22.7270982	0
57.8604816	22.5361314	0
54.8834895	22.3058238	0
51.9562881	22.036995	0
49.0819509	21.7304646	0
46.2639612	21.3868473	0
43.5053925	21.0073725	0
40.8093183	20.5928598	0
38.179017	20.1449484	0
35.6169474	19.6646628	0
33.126183	19.1534373	0
30.7095924	18.6129111	0
28.3696344	18.0447234	0
26.1089727	17.4503085	0
23.9298612	16.8317154	0
21.8345538	16.1905833	0
19.8250995	15.5287563	0
17.9039571	14.8480785	0
16.0727658	14.150394	0
14.3331648	13.4379567	0
12.6869982	12.7122009	0
11.1359052	11.9753805	0
9.6809103	11.2293396	0
8.3236527	10.4759223	0
7.0651569	9.7167678	0
5.9064474	8.9537202	0
4.8485487	8.1884187	0
3.8918706	7.4225025	0
3.0376425	6.6576108	0
2.2858644	5.8947681	0
1.6373559	5.1354087	0
1.0923219	4.3809669	0
0.6509673	3.6320574	0
0.313497	2.8897047	0
0.0797061	2.1549333	0
-0.0502005	1.4279481	0
-0.0766326	0.7095687	0
0	0	0
0.1778532	-0.6911277	0
0.4544682	-1.3545939	0
0.8296401	-1.9899888	0
1.3021395	-2.5973124	0
1.8715566	-3.1765647	0
2.5370718	-3.7275408	0
3.2972508	-4.2504456	0
4.1514789	-4.7452791	0
5.0983218	-5.2116315	0
6.1365501	-5.6499126	0
7.2651393	-6.0599175	0
8.4822453	-6.442056	0
9.7868436	-6.7959183	0
11.177295	-7.1219142	0
12.6517554	-7.4202486	0
14.2089954	-7.6911264	0
15.846966	-7.9347525	0
17.564028	-8.1513318	0
19.3585422	-8.3412741	0
21.2284596	-8.5049892	0
23.172141	-8.6430918	0
25.1873325	-8.7557868	0
27.2723949	-8.8440987	0
29.4252792	-8.9082324	0
31.6441413	-8.9490075	0
33.9267273	-8.9672436	0
36.2709882	-8.9639652	0
38.674875	-8.939787	0
41.1363387	-8.8957335	0
43.6533303	-8.8328292	0
46.2235959	-8.7523035	0
48.8450865	-8.654976	0
51.5153433	-8.5420761	0
54.2323173	-8.4150381	0
56.9937546	-8.2750914	0
59.7974013	-8.1232605	0
62.6407986	-7.9609797	0
65.5216926	-7.7894784	0
68.4378294	-7.6101909	0
71.3865453	-7.4245515	0
74.3653815	-7.2335847	0
77.3720841	-7.0389297	0
80.4039894	-6.841611	0
83.4586386	-6.6430629	0
86.533368	-6.4445148	0
89.6255139	-6.2469912	0
92.7615084	-6.0494676	0
95.9147145	-5.8476411	0
99.0761166	-5.6427411	0
102.2428461	-5.4355872	0
105.4116246	-5.2272039	0
108.5797884	-5.0182059	0
111.7444689	-4.8094128	0
114.9021828	-4.6016442	0
118.0502664	-4.3957197	0
121.1856462	-4.1920491	0
124.3052487	-3.9912471	0
127.4062053	-3.7941333	0
130.4852376	-3.6007077	0
133.539477	-3.4117899	0
136.5656451	-3.2273799	0
139.5612831	-3.0480924	0
142.5229077	-2.8739274	0
145.4476503	-2.7052947	0
148.3328472	-2.5421943	0
151.17522	-2.3846262	0
153.9719001	-2.2330002	0
156.7204287	-2.0871114	0
159.4175274	-1.9469598	0
162.0605325	-1.8127503	0
164.6467803	-1.6840731	0
167.1736071	-1.5611331	0
169.6381443	-1.4437254	0
172.038138	-1.3316451	0
174.3707196	-1.2250971	0
176.6336352	-1.1236716	0
178.8242211	-1.0273686	0
180.9404283	-0.9359832	0
182.9795931	-0.8495154	0
184.9398714	-0.7677603	0
186.8188044	-0.690513	0
188.614548	-0.6177735	0
190.3252581	-0.5495418	0
191.9484759	-0.485613	0
193.482972	-0.4259871	0
194.9266974	-0.3702543	0
196.2782178	-0.3188244	0
197.535894	-0.2710827	0
198.6984966	-0.2276439	0
199.7643864	-0.1878933	0
200.7325389	-0.1520358	0
201.6017247	-0.1200714	0
202.3711242	-0.0917952	0
203.0397129	-0.0674121	0
203.6066712	-0.0467172	0
204.0715893	-0.0299154	0
204.4336476	-0.0168018	0
204.6926412	-0.0075813	0
204.8481603	-0.0018441	0
204.9	0	0
