143.4	0	0
143.365584	0.011472	0
143.2621926	0.0456012	0
143.0899692	0.102531	0
142.8490572	0.1819746	0
142.5396	0.2836452	0
142.1618844	0.4071126	0
141.7163406	0.5523768	0
141.203112	0.7185774	0
140.6227722	0.9054276	0
139.9757514	1.1122104	0
139.2624798	1.3383522	0
138.4836744	1.5832794	0
137.6399088	1.8459882	0
136.7320434	2.1260484	0
135.7605084	2.4221694	0
134.726451	2.733921	0
133.6307316	3.060156	0
132.4740672	3.3998706	0
131.2574616	3.7522044	0
129.9822054	4.1161536	0
128.6493024	4.490571	0
127.2598998	4.8745962	0
125.8151448	5.267082	0
124.3164714	5.6668812	0
122.7651702	6.0728466	0
121.1625318	6.4841178	0
119.5101336	6.8995476	0
117.809553	7.3178454	0
116.062224	7.7381508	0
114.269724	8.1591732	0
112.4339172	8.5797654	0
110.5562376	8.9992104	0
108.6386928	9.4160742	0
106.6830036	9.829353	0
104.6910342	10.238043	0
102.6646488	10.6411404	0
100.605855	11.037498	0
98.5166604	11.4262554	0
96.3989292	11.806122	0
94.2549558	12.1765242	0
92.0867478	12.5361714	0
89.8964562	12.8842032	0
87.686232	13.2196158	0
85.4582262	13.5416922	0
83.2147332	13.8494286	0
80.9580474	14.142108	0
78.6904632	14.4185832	0
76.4141316	14.678424	0
74.1314904	14.9206266	0
71.8449774	15.144474	0
69.556887	15.3493926	0
67.2695136	15.5346654	0
64.985295	15.6995754	0
62.7025104	15.8436924	0
60.406533	15.962571	0
58.1205936	16.0539168	0
55.84713	16.117443	0
53.5887234	16.1528628	0
51.3478116	16.1600328	0
49.1268324	16.1388096	0
46.9285104	16.0891932	0
44.7552834	16.0114704	0
42.6095892	15.9056412	0
40.4938656	15.7719924	0
38.410407	15.6108108	0
36.3617946	15.42267	0
34.3501794	15.2081436	0
32.3779992	14.9676618	0
30.447405	14.702085	0
28.5605478	14.4119868	0
26.719722	14.0985144	0
24.9266484	13.7623848	0
23.183478	13.4046018	0
21.4922184	13.0263126	0
19.8545904	12.6286644	0
18.2724582	12.212661	0
16.7473992	11.7797364	0
15.2809908	11.3310378	0
13.874667	10.8678558	0
12.5301486	10.391481	0
11.2485828	9.903204	0
10.0311168	9.4046022	0
8.8790412	8.8966794	0
7.7935032	8.381013	0
6.7752198	7.8588936	0
5.8253382	7.3316118	0
4.9445754	6.8003148	0
4.1336484	6.2662932	0
3.3932742	5.7306942	0
2.7237396	5.194665	0
2.125905	4.6593528	0
1.5997704	4.1254746	0
1.1459094	3.5940342	0
0.7644654	3.0660354	0
0.4555818	2.5419084	0
0.219402	2.0223702	0
0.0557826	1.5081378	0
-0.035133	0.9993546	0
-0.0536316	0.4965942	0
0	0	0
0.1244712	-0.4836882	0
0.3180612	-0.9480174	0
0.5806266	-1.3927008	0
0.911307	-1.8177384	0
1.3098156	-2.2231302	0
1.7755788	-2.6087328	0
2.3075928	-2.9746896	0
2.9054274	-3.3210006	0
3.5680788	-3.647379	0
4.2946866	-3.9541116	0
5.0845338	-4.241055	0
5.9363298	-4.508496	0
6.8493576	-4.7561478	0
7.82247	-4.9842972	0
8.8543764	-5.1930876	0
9.9442164	-5.3826624	0
11.090556	-5.553165	0
12.292248	-5.7047388	0
13.5481452	-5.8376706	0
14.8568136	-5.9522472	0
16.217106	-6.0488988	0
17.627445	-6.1277688	0
19.0866834	-6.1895742	0
20.5933872	-6.2344584	0
22.1462658	-6.262995	0
23.7437418	-6.2757576	0
25.3843812	-6.2734632	0
27.06675	-6.256542	0
28.7894142	-6.225711	0
30.5509398	-6.1816872	0
32.3497494	-6.125331	0
34.184409	-6.057216	0
36.0531978	-5.9782026	0
37.9546818	-5.8892946	0
39.8872836	-5.7913524	0
41.8494258	-5.685093	0
43.8393876	-5.5715202	0
45.8555916	-5.4514944	0
47.8964604	-5.3260194	0
49.9601298	-5.196099	0
52.044879	-5.0624502	0
54.1491306	-4.9262202	0
56.2710204	-4.788126	0
58.4088276	-4.6491714	0
60.560688	-4.5102168	0
62.7247374	-4.3719792	0
64.9194744	-4.2337416	0
67.126257	-4.0924926	0
69.3387756	-3.9490926	0
71.5550226	-3.8041152	0
73.7727036	-3.6582774	0
75.9899544	-3.5120094	0
78.2047674	-3.3658848	0
80.4147048	-3.2204772	0
82.6179024	-3.0763602	0
84.8122092	-2.9338206	0
86.9954742	-2.7932886	0
89.1656898	-2.6553378	0
91.3205616	-2.5199682	0
93.458082	-2.3877534	0
95.5759566	-2.2586934	0
97.6724646	-2.1332184	0
99.7451682	-2.0113284	0
101.7920598	-1.8933102	0
103.8112752	-1.7791638	0
105.80052	-1.6688892	0
107.7577866	-1.5627732	0
109.6813542	-1.4606724	0
111.5689284	-1.3625868	0
113.418645	-1.2686598	0
115.2286398	-1.1786046	0
116.9970486	-1.0925646	0
118.7218638	-1.0103964	0
120.401508	-0.9319566	0
122.0339736	-0.8573886	0
123.6176832	-0.7864056	0
125.1507726	-0.7190076	0
126.6318078	-0.6550512	0
128.0589246	-0.5945364	0
129.4308324	-0.5373198	0
130.7458104	-0.483258	0
132.002568	-0.432351	0
133.1998146	-0.3845988	0
134.3358294	-0.339858	0
135.409752	-0.2981286	0
136.4201484	-0.2591238	0
137.3660148	-0.2231304	0
138.246204	-0.1897182	0
139.0598556	-0.1593174	0
139.8058224	-0.1314978	0
140.4833874	-0.1064028	0
141.0916902	-0.0840324	0
141.6301572	-0.0642432	0
142.0980714	-0.0471786	0
142.4948592	-0.0326952	0
142.8202338	-0.0209364	0
143.0736216	-0.0117588	0
143.2548792	-0.0053058	0
143.3637198	-0.0012906	0
143.4	0	0
