1	0	0
0.99976	0.00008	0
0.999039	0.000318	0
0.997838	0.000715	0
0.996158	0.001269	0
0.994	0.001978	0
0.991366	0.002839	0
0.988259	0.003852	0
0.98468	0.005011	0
0.980633	0.006314	0
0.976121	0.007756	0
0.971147	0.009333	0
0.965716	0.011041	0
0.959832	0.012873	0
0.953501	0.014826	0
0.946726	0.016891	0
0.939515	0.019065	0
0.931874	0.02134	0
0.923808	0.023709	0
0.915324	0.026166	0
0.906431	0.028704	0
0.897136	0.031315	0
0.887447	0.033993	0
0.877372	0.03673	0
0.866921	0.039518	0
0.856103	0.042349	0
0.844927	0.045217	0
0.833404	0.048114	0
0.821545	0.051031	0
0.80936	0.053962	0
0.79686	0.056898	0
0.784058	0.059831	0
0.770964	0.062756	0
0.757592	0.065663	0
0.743954	0.068545	0
0.730063	0.071395	0
0.715932	0.074206	0
0.701575	0.07697	0
0.687006	0.079681	0
0.672238	0.08233	0
0.657287	0.084913	0
0.642167	0.087421	0
0.626893	0.089848	0
0.61148	0.092187	0
0.595943	0.094433	0
0.580298	0.096579	0
0.564561	0.09862	0
0.548748	0.100548	0
0.532874	0.10236	0
0.516956	0.104049	0
0.501011	0.10561	0
0.485055	0.107039	0
0.469104	0.108331	0
0.453175	0.109481	0
0.437256	0.110486	0
0.421245	0.111315	0
0.405304	0.111952	0
0.38945	0.112395	0
0.373701	0.112642	0
0.358074	0.112692	0
0.342586	0.112544	0
0.327256	0.112198	0
0.312101	0.111656	0
0.297138	0.110918	0
0.282384	0.109986	0
0.267855	0.108862	0
0.253569	0.10755	0
0.239541	0.106054	0
0.225788	0.104377	0
0.212325	0.102525	0
0.199167	0.100502	0
0.18633	0.098316	0
0.173826	0.095972	0
0.16167	0.093477	0
0.149876	0.090839	0
0.138456	0.088066	0
0.127423	0.085165	0
0.116788	0.082146	0
0.106562	0.079017	0
0.096755	0.075787	0
0.087379	0.072465	0
0.078442	0.06906	0
0.069952	0.065583	0
0.061918	0.062041	0
0.054348	0.058445	0
0.047247	0.054804	0
0.040623	0.051127	0
0.034481	0.047422	0
0.028826	0.043698	0
0.023663	0.039963	0
0.018994	0.036225	0
0.014825	0.032492	0
0.011156	0.028769	0
0.007991	0.025063	0
0.005331	0.021381	0
0.003177	0.017726	0
0.00153	0.014103	0
0.000389	0.010517	0
-0.000245	0.006969	0
-0.000374	0.003463	0
0	0	0
0.000868	-0.003373	0
0.002218	-0.006611	0
0.004049	-0.009712	0
0.006355	-0.012676	0
0.009134	-0.015503	0
0.012382	-0.018192	0
0.016092	-0.020744	0
0.020261	-0.023159	0
0.024882	-0.025435	0
0.029949	-0.027574	0
0.035457	-0.029575	0
0.041397	-0.03144	0
0.047764	-0.033167	0
0.05455	-0.034758	0
0.061746	-0.036214	0
0.069346	-0.037536	0
0.07734	-0.038725	0
0.08572	-0.039782	0
0.094478	-0.040709	0
0.103604	-0.041508	0
0.11309	-0.042182	0
0.122925	-0.042732	0
0.133101	-0.043163	0
0.143608	-0.043476	0
0.154437	-0.043675	0
0.165577	-0.043764	0
0.177018	-0.043748	0
0.18875	-0.04363	0
0.200763	-0.043415	0
0.213047	-0.043108	0
0.225591	-0.042715	0
0.238385	-0.04224	0
0.251417	-0.041689	0
0.264677	-0.041069	0
0.278154	-0.040386	0
0.291837	-0.039645	0
0.305714	-0.038853	0
0.319774	-0.038016	0
0.334006	-0.037141	0
0.348397	-0.036235	0
0.362935	-0.035303	0
0.377609	-0.034353	0
0.392406	-0.03339	0
0.407314	-0.032421	0
0.42232	-0.031452	0
0.437411	-0.030488	0
0.452716	-0.029524	0
0.468105	-0.028539	0
0.483534	-0.027539	0
0.498989	-0.026528	0
0.514454	-0.025511	0
0.529916	-0.024491	0
0.545361	-0.023472	0
0.560772	-0.022458	0
0.576136	-0.021453	0
0.591438	-0.020459	0
0.606663	-0.019479	0
0.621797	-0.018517	0
0.636824	-0.017573	0
0.65173	-0.016651	0
0.666499	-0.015751	0
0.681119	-0.014876	0
0.695573	-0.014026	0
0.709847	-0.013203	0
0.723928	-0.012407	0
0.7378	-0.011638	0
0.751449	-0.010898	0
0.764863	-0.010186	0
0.778026	-0.009502	0
0.790925	-0.008847	0
0.803547	-0.008219	0
0.815879	-0.007619	0
0.827907	-0.007046	0
0.83962	-0.006499	0
0.851004	-0.005979	0
0.862048	-0.005484	0
0.872739	-0.005014	0
0.883067	-0.004568	0
0.893019	-0.004146	0
0.902586	-0.003747	0
0.911756	-0.00337	0
0.92052	-0.003015	0
0.928869	-0.002682	0
0.936791	-0.00237	0
0.94428	-0.002079	0
0.951326	-0.001807	0
0.957922	-0.001556	0
0.96406	-0.001323	0
0.969734	-0.001111	0
0.974936	-0.000917	0
0.979661	-0.000742	0
0.983903	-0.000586	0
0.987658	-0.000448	0
0.990921	-0.000329	0
0.993688	-0.000228	0
0.995957	-0.000146	0
0.997724	-0.000082	0
0.998988	-0.000037	0
0.999747	-0.000009	0
1	0	0
