xflr5 v6.61

Plane name :        1 UAV_noSM_CG4.45
Polar name :        T1-32.8 ft/s-VLM1
Freestream speed :  32.800 ft/s


   alpha      Beta       CL          CDi        CDv        CD         CY         Cl         Cm         Cn        Cni       QInf        XCP
  -10.000     0.000  -0.292401   0.010300   0.025312   0.035612  -0.000000   0.000000  -0.146852   0.000000  -0.000000    9.9974     0.0516
   -9.900     0.000  -0.287181   0.009942   0.025239   0.035181   0.000000   0.000000  -0.145989   0.000000  -0.000000    9.9974     0.0503
   -9.800     0.000  -0.281959   0.009590   0.025180   0.034771  -0.000000   0.000000  -0.145126   0.000000  -0.000000    9.9974     0.0490
   -9.700     0.000  -0.276735   0.009245   0.025124   0.034369   0.000000   0.000000  -0.144262   0.000000  -0.000000    9.9974     0.0476
   -9.600     0.000  -0.271508   0.008906   0.025070   0.033976   0.000000   0.000000  -0.143395   0.000000  -0.000000    9.9974     0.0462
   -9.500     0.000  -0.266279   0.008574   0.025009   0.033583  -0.000000   0.000000  -0.142527   0.000000  -0.000000    9.9974     0.0447
   -9.400     0.000  -0.261047   0.008248   0.024946   0.033193  -0.000000   0.000000  -0.141656   0.000000  -0.000000    9.9974     0.0431
   -9.300     0.000  -0.255814   0.007928   0.024872   0.032799   0.000000   0.000000  -0.140785   0.000000  -0.000000    9.9974     0.0415
   -9.200     0.000  -0.250578   0.007614   0.024799   0.032413  -0.000000   0.000000  -0.139912   0.000000  -0.000000    9.9974     0.0398
   -9.100     0.000  -0.245340   0.007307   0.024727   0.032035   0.000000   0.000000  -0.139037   0.000000  -0.000000    9.9974     0.0381
   -9.000     0.000  -0.240100   0.007007   0.024659   0.031666   0.000000   0.000000  -0.138161  -0.000000  -0.000000    9.9974     0.0363
   -8.900     0.000  -0.234858   0.006713   0.024543   0.031256   0.000000   0.000000  -0.137280  -0.000000  -0.000000    9.9974     0.0344
   -8.800     0.000  -0.229614   0.006425   0.024421   0.030846   0.000000   0.000000  -0.136398  -0.000000  -0.000000    9.9974     0.0324
   -8.700     0.000  -0.224368   0.006144   0.024304   0.030448   0.000000   0.000000  -0.135514  -0.000000  -0.000000    9.9974     0.0303
   -8.600     0.000  -0.219120   0.005869   0.024227   0.030096   0.000000   0.000000  -0.134632  -0.000000  -0.000000    9.9974     0.0281
   -8.500     0.000  -0.213871   0.005601   0.024148   0.029749  -0.000000   0.000000  -0.133748  -0.000000  -0.000000    9.9974     0.0258
   -8.400     0.000  -0.208619   0.005339   0.024074   0.029412  -0.000000   0.000000  -0.132863  -0.000000  -0.000000    9.9974     0.0234
   -8.300     0.000  -0.203366   0.005083   0.024024   0.029107  -0.000000   0.000000  -0.131978  -0.000000  -0.000000    9.9974     0.0209
   -8.200     0.000  -0.198111   0.004834   0.023981   0.028815  -0.000000   0.000000  -0.131093  -0.000000  -0.000000    9.9974     0.0182
   -8.100     0.000  -0.192855   0.004592   0.023939   0.028531   0.000000   0.000000  -0.130205  -0.000000  -0.000000    9.9974     0.0154
   -8.000     0.000  -0.187597   0.004356   0.023891   0.028246   0.000000   0.000000  -0.129316   0.000000  -0.000000    9.9974     0.0124
   -7.900     0.000  -0.182337   0.004126   0.023829   0.027955   0.000000   0.000000  -0.128425   0.000000  -0.000000    9.9974     0.0093
   -7.800     0.000  -0.177076   0.003903   0.023757   0.027660   0.000000   0.000000  -0.127533   0.000000  -0.000000    9.9974     0.0060
   -7.700     0.000  -0.171814   0.003686   0.023683   0.027369   0.000000   0.000000  -0.126639   0.000000  -0.000000    9.9974     0.0024
   -7.600     0.000  -0.166550   0.003476   0.023553   0.027029  -0.000000   0.000000  -0.125739   0.000000  -0.000000    9.9974    -0.0013
   -7.500     0.000  -0.161285   0.003273   0.023421   0.026693  -0.000000   0.000000  -0.124838   0.000000  -0.000000    9.9974    -0.0053
   -7.400     0.000  -0.156019   0.003075   0.023298   0.026373   0.000000   0.000000  -0.123936   0.000000  -0.000000    9.9974    -0.0096
   -7.300     0.000  -0.150751   0.002885   0.023224   0.026109  -0.000000   0.000000  -0.123036   0.000000  -0.000000    9.9974    -0.0142
   -7.200     0.000  -0.145483   0.002701   0.023153   0.025853   0.000000   0.000000  -0.122135   0.000000  -0.000000    9.9974    -0.0191
   -7.100     0.000  -0.140213   0.002523   0.023085   0.025608   0.000000   0.000000  -0.121233   0.000000  -0.000000    9.9974    -0.0243
   -7.000     0.000  -0.134942   0.002352   0.023026   0.025379   0.000000   0.000000  -0.120330   0.000000  -0.000000    9.9974    -0.0300
   -6.900     0.000  -0.129670   0.002188   0.022977   0.025165  -0.000000   0.000000  -0.119426   0.000000  -0.000000    9.9974    -0.0361
   -6.800     0.000  -0.124397   0.002030   0.022919   0.024949  -0.000000   0.000000  -0.118521   0.000000  -0.000000    9.9974    -0.0428
   -6.700     0.000  -0.119123   0.001878   0.022859   0.024738   0.000000   0.000000  -0.117614   0.000000  -0.000000    9.9974    -0.0501
   -6.600     0.000  -0.113848   0.001733   0.022788   0.024522  -0.000000   0.000000  -0.116705   0.000000  -0.000000    9.9974    -0.0580
   -6.500     0.000  -0.108573   0.001595   0.022715   0.024311  -0.000000   0.000000  -0.115796   0.000000  -0.000000    9.9974    -0.0667
   -6.400     0.000  -0.103297   0.001463   0.022644   0.024107  -0.000000   0.000000  -0.114885   0.000000  -0.000000    9.9974    -0.0763
   -6.300     0.000  -0.098020   0.001338   0.022563   0.023901   0.000000   0.000000  -0.113972   0.000000  -0.000000    9.9974    -0.0869
   -6.200     0.000  -0.092742   0.001219   0.022484   0.023703   0.000000   0.000000  -0.113059   0.000000  -0.000000    9.9974    -0.0987
   -6.100     0.000  -0.087464   0.001107   0.022386   0.023494   0.000000   0.000000  -0.112143   0.000000  -0.000000    9.9974    -0.1119
   -6.000     0.000  -0.082185   0.001002   0.022258   0.023259  -0.000000   0.000000  -0.111224   0.000000  -0.000000    9.9974    -0.1269
   -5.900     0.000  -0.076905   0.000903   0.022143   0.023046   0.000000   0.000000  -0.110304   0.000000  -0.000000    9.9974    -0.1439
   -5.800     0.000  -0.071626   0.000810   0.022033   0.022843   0.000000   0.000000  -0.109384   0.000000  -0.000000    9.9974    -0.1634
   -5.700     0.000  -0.066345   0.000724   0.021958   0.022682  -0.000000   0.000000  -0.108464   0.000000  -0.000000    9.9974    -0.1860
   -5.600     0.000  -0.061065   0.000645   0.021888   0.022533  -0.000000   0.000000  -0.107544   0.000000  -0.000000    9.9974    -0.2125
   -5.500     0.000  -0.055784   0.000572   0.021821   0.022393   0.000000   0.000000  -0.106623   0.000000  -0.000000    9.9974    -0.2441
   -5.400     0.000  -0.050502   0.000506   0.021753   0.022259   0.000000   0.000000  -0.105701   0.000000  -0.000000    9.9974    -0.2822
   -5.300     0.000  -0.045221   0.000446   0.021692   0.022138  -0.000000   0.000000  -0.104778   0.000000  -0.000000    9.9974    -0.3293
   -5.200     0.000  -0.039939   0.000393   0.021613   0.022006   0.000000   0.000000  -0.103853   0.000000  -0.000000    9.9974    -0.3888
   -5.100     0.000  -0.034658   0.000347   0.021524   0.021871   0.000000   0.000000  -0.102926   0.000000  -0.000000    9.9974    -0.4664
   -5.000     0.000  -0.029376   0.000307   0.021441   0.021748   0.000000   0.000000  -0.101999   0.000000  -0.000000    9.9974    -0.5720
   -4.900     0.000  -0.024094   0.000273   0.021349   0.021623   0.000000   0.000000  -0.101070   0.000000  -0.000000    9.9974    -0.7239
   -4.800     0.000  -0.018813   0.000246   0.021257   0.021504  -0.000000   0.000000  -0.100140   0.000000  -0.000000    9.9974    -0.9610
   -4.700     0.000  -0.013531   0.000226   0.021155   0.021382  -0.000000   0.000000  -0.099209   0.000000  -0.000000    9.9974    -1.3831
   -4.600     0.000  -0.008249   0.000212   0.021055   0.021268   0.000000   0.000000  -0.098277   0.000000  -0.000000    9.9974    -2.3459
   -4.500     0.000  -0.002968   0.000205   0.020958   0.021164   0.000000   0.000000  -0.097344   0.000000  -0.000000    9.9974    -6.7348
   -4.400     0.000   0.002313   0.000205   0.020876   0.021081   0.000000   0.000000  -0.096410   0.000000  -0.000000    9.9974     8.9177
   -4.300     0.000   0.007594   0.000211   0.020799   0.021010   0.000000   0.000000  -0.095476   0.000000   0.000000    9.9974     2.8001
   -4.200     0.000   0.012874   0.000223   0.020725   0.020948  -0.000000   0.000000  -0.094542   0.000000  -0.000000    9.9974     1.7011
   -4.100     0.000   0.018154   0.000242   0.020655   0.020898   0.000000   0.000000  -0.093606   0.000000  -0.000000    9.9974     1.2414
   -4.000     0.000   0.023434   0.000268   0.020587   0.020854  -0.000000   0.000000  -0.092670   0.000000  -0.000000    9.9974     0.9889
   -3.900     0.000   0.028713   0.000300   0.020514   0.020814   0.000000   0.000000  -0.091732   0.000000  -0.000000    9.9974     0.8293
   -3.800     0.000   0.033992   0.000339   0.020434   0.020773   0.000000   0.000000  -0.090793   0.000000  -0.000000    9.9974     0.7192
   -3.700     0.000   0.039269   0.000384   0.020345   0.020729   0.000000   0.000000  -0.089853   0.000000  -0.000000    9.9974     0.6388
   -3.600     0.000   0.044547   0.000436   0.020248   0.020684   0.000000   0.000000  -0.088912   0.000000  -0.000000    9.9974     0.5774
   -3.500     0.000   0.049823   0.000494   0.020140   0.020635   0.000000   0.000000  -0.087970   0.000000  -0.000000    9.9974     0.5290
   -3.400     0.000   0.055099   0.000559   0.020028   0.020587   0.000000   0.000000  -0.087026   0.000000  -0.000000    9.9974     0.4899
   -3.300     0.000   0.060374   0.000631   0.019957   0.020587   0.000000   0.000000  -0.086083   0.000000   0.000000    9.9974     0.4576
   -3.200     0.000   0.065649   0.000709   0.019903   0.020611  -0.000000   0.000000  -0.085140   0.000000  -0.000000    9.9974     0.4305
   -3.100     0.000   0.070922   0.000793   0.019852   0.020645   0.000000   0.000000  -0.084196   0.000000  -0.000000    9.9974     0.4075
   -3.000     0.000   0.076194   0.000884   0.019789   0.020673   0.000000   0.000000  -0.083251   0.000000  -0.000000    9.9974     0.3877
   -2.900     0.000   0.081466   0.000982   0.019706   0.020688   0.000000   0.000000  -0.082305   0.000000  -0.000000    9.9974     0.3704
   -2.800     0.000   0.086736   0.001086   0.019605   0.020691   0.000000   0.000000  -0.081357   0.000000  -0.000000    9.9974     0.3552
   -2.700     0.000   0.092006   0.001196   0.019533   0.020729   0.000000   0.000000  -0.080409   0.000000  -0.000000    9.9974     0.3418
   -2.600     0.000   0.097274   0.001313   0.019448   0.020761   0.000000   0.000000  -0.079460   0.000000  -0.000000    9.9974     0.3298
   -2.500     0.000   0.102541   0.001437   0.019353   0.020790   0.000000   0.000000  -0.078509   0.000000  -0.000000    9.9974     0.3190
   -2.400     0.000   0.107806   0.001567   0.019264   0.020831   0.000000  -0.000000  -0.077559   0.000000  -0.000000    9.9974     0.3094
   -2.300     0.000   0.113071   0.001703   0.019182   0.020886   0.000000   0.000000  -0.076607   0.000000  -0.000000    9.9974     0.3006
   -2.200     0.000   0.118334   0.001846   0.019105   0.020951   0.000000  -0.000000  -0.075656   0.000000   0.000000    9.9974     0.2926
   -2.100     0.000   0.123595   0.001996   0.019022   0.021017   0.000000  -0.000000  -0.074703   0.000000  -0.000000    9.9974     0.2853
   -2.000     0.000   0.128856   0.002152   0.018944   0.021096   0.000000   0.000000  -0.073750   0.000000  -0.000000    9.9974     0.2785
   -1.900     0.000   0.134114   0.002314   0.018844   0.021158  -0.000000  -0.000000  -0.072795   0.000000  -0.000000    9.9974     0.2724
   -1.800     0.000   0.139371   0.002483   0.018743   0.021226   0.000000  -0.000000  -0.071840   0.000000  -0.000000    9.9974     0.2666
   -1.700     0.000   0.144627   0.002658   0.018646   0.021305   0.000000  -0.000000  -0.070884   0.000000  -0.000000    9.9974     0.2613
   -1.600     0.000   0.149881   0.002840   0.018552   0.021392   0.000000  -0.000000  -0.069927   0.000000  -0.000000    9.9974     0.2564
   -1.500     0.000   0.155133   0.003028   0.018489   0.021518  -0.000000  -0.000000  -0.068971   0.000000  -0.000000    9.9974     0.2518
   -1.400     0.000   0.160384   0.003223   0.018429   0.021652   0.000000  -0.000000  -0.068015   0.000000  -0.000000    9.9974     0.2475
   -1.300     0.000   0.165632   0.003424   0.018343   0.021767   0.000000  -0.000000  -0.067057   0.000000  -0.000000    9.9974     0.2435
   -1.200     0.000   0.170879   0.003632   0.018256   0.021887   0.000000   0.000000  -0.066098   0.000000  -0.000000    9.9974     0.2397
   -1.100     0.000   0.176124   0.003845   0.018171   0.022017  -0.000000  -0.000000  -0.065139   0.000000  -0.000000    9.9974     0.2362
   -1.000     0.000   0.181367   0.004066   0.018082   0.022148   0.000000  -0.000000  -0.064179   0.000000   0.000000    9.9974     0.2329
   -0.900     0.000   0.186608   0.004292   0.017991   0.022284   0.000000  -0.000000  -0.063218   0.000000  -0.000000    9.9974     0.2297
   -0.800     0.000   0.191847   0.004526   0.017895   0.022420  -0.000000   0.000000  -0.062257   0.000000   0.000000    9.9974     0.2268
   -0.700     0.000   0.197084   0.004765   0.017795   0.022560   0.000000   0.000000  -0.061295   0.000000   0.000000    9.9974     0.2239
   -0.600     0.000   0.202319   0.005011   0.017701   0.022712   0.000000   0.000000  -0.060333   0.000000  -0.000000    9.9974     0.2213
   -0.500     0.000   0.207551   0.005263   0.017619   0.022882   0.000000   0.000000  -0.059370   0.000000  -0.000000    9.9974     0.2187
   -0.400     0.000   0.212781   0.005522   0.017540   0.023062   0.000000  -0.000000  -0.058407   0.000000   0.000000    9.9974     0.2163
   -0.300     0.000   0.218010   0.005786   0.017457   0.023244   0.000000   0.000000  -0.057444   0.000000   0.000000    9.9974     0.2141
   -0.200     0.000   0.223235   0.006058   0.017371   0.023428   0.000000  -0.000000  -0.056480   0.000000  -0.000000    9.9974     0.2119
   -0.100     0.000   0.228458   0.006335   0.017286   0.023621   0.000000  -0.000000  -0.055515   0.000000   0.000000    9.9974     0.2098
    0.000     0.000   0.233679   0.006619   0.017207   0.023826   0.000000   0.000000  -0.054550   0.000000   0.000000    9.9974     0.2078
    0.100     0.000   0.238898   0.006909   0.017133   0.024042   0.000000  -0.000000  -0.053585   0.000000  -0.000000    9.9974     0.2059
    0.200     0.000   0.244113   0.007206   0.017063   0.024268   0.000000  -0.000000  -0.052619   0.000000  -0.000000    9.9974     0.2041
    0.300     0.000   0.249327   0.007508   0.016994   0.024502   0.000000  -0.000000  -0.051653   0.000000  -0.000000    9.9974     0.2024
    0.400     0.000   0.254537   0.007817   0.016910   0.024727  -0.000000  -0.000000  -0.050687   0.000000  -0.000000    9.9974     0.2007
    0.500     0.000   0.259745   0.008132   0.016821   0.024954   0.000000   0.000000  -0.049719   0.000000  -0.000000    9.9974     0.1991
    0.600     0.000   0.264950   0.008454   0.016728   0.025182   0.000000  -0.000000  -0.048751   0.000000   0.000000    9.9974     0.1976
    0.700     0.000   0.270153   0.008782   0.016628   0.025410   0.000000  -0.000000  -0.047783   0.000000   0.000000    9.9974     0.1961
    0.800     0.000   0.275352   0.009116   0.016528   0.025643   0.000000  -0.000000  -0.046814   0.000000   0.000000    9.9974     0.1947
    0.900     0.000   0.280549   0.009456   0.016428   0.025884   0.000000   0.000000  -0.045845   0.000000   0.000000    9.9974     0.1934
    1.000     0.000   0.285743   0.009802   0.016328   0.026130   0.000000   0.000000  -0.044875   0.000000  -0.000000    9.9974     0.1921
    1.100     0.000   0.290934   0.010155   0.016229   0.026384   0.000000   0.000000  -0.043906   0.000000  -0.000000    9.9974     0.1908
    1.200     0.000   0.296122   0.010513   0.016134   0.026647   0.000000   0.000000  -0.042936   0.000000  -0.000000    9.9974     0.1896
    1.300     0.000   0.301306   0.010878   0.016047   0.026925   0.000000  -0.000000  -0.041965   0.000000   0.000000    9.9974     0.1884
    1.400     0.000   0.306488   0.011249   0.015971   0.027221   0.000000  -0.000000  -0.040995   0.000000   0.000000    9.9974     0.1873
    1.500     0.000   0.311666   0.011626   0.015902   0.027528   0.000000   0.000000  -0.040025   0.000000   0.000000    9.9974     0.1862
    1.600     0.000   0.316842   0.012010   0.015856   0.027866   0.000000  -0.000000  -0.039055   0.000000   0.000000    9.9974     0.1851
    1.700     0.000   0.322014   0.012399   0.015807   0.028206   0.000000  -0.000000  -0.038085   0.000000  -0.000000    9.9974     0.1841
    1.800     0.000   0.327182   0.012795   0.015762   0.028557   0.000000  -0.000000  -0.037115   0.000000   0.000000    9.9974     0.1831
    1.900     0.000   0.332348   0.013196   0.015728   0.028925   0.000000  -0.000000  -0.036144   0.000000   0.000000    9.9974     0.1822
    2.000     0.000   0.337509   0.013604   0.015697   0.029301   0.000000  -0.000000  -0.035174   0.000000   0.000000    9.9974     0.1813
    2.100     0.000   0.342668   0.014018   0.015665   0.029683   0.000000   0.000000  -0.034203   0.000000   0.000000    9.9974     0.1804
    2.200     0.000   0.347823   0.014437   0.015638   0.030075   0.000000  -0.000000  -0.033232   0.000000   0.000000    9.9974     0.1795
    2.300     0.000   0.352974   0.014863   0.015613   0.030476   0.000000  -0.000000  -0.032261   0.000000   0.000000    9.9974     0.1787
    2.400     0.000   0.358122   0.015295   0.015591   0.030886   0.000000  -0.000000  -0.031289   0.000000  -0.000000    9.9974     0.1779
    2.500     0.000   0.363266   0.015733   0.015574   0.031307   0.000000  -0.000000  -0.030318   0.000000  -0.000000    9.9974     0.1771
    2.600     0.000   0.368407   0.016177   0.015557   0.031733   0.000000  -0.000000  -0.029346   0.000000   0.000000    9.9974     0.1763
    2.700     0.000   0.373543   0.016627   0.015540   0.032166   0.000000   0.000000  -0.028374   0.000000  -0.000000    9.9974     0.1756
    2.800     0.000   0.378676   0.017082   0.015525   0.032607   0.000000  -0.000000  -0.027402   0.000000   0.000000    9.9974     0.1748
    2.900     0.000   0.383805   0.017544   0.015512   0.033056   0.000000  -0.000000  -0.026430   0.000000   0.000000    9.9974     0.1741
    3.000     0.000   0.388931   0.018012   0.015500   0.033511   0.000000  -0.000000  -0.025458   0.000000   0.000000    9.9974     0.1734
    3.100     0.000   0.394052   0.018485   0.015487   0.033972   0.000000  -0.000000  -0.024485   0.000000  -0.000000    9.9974     0.1728
    3.200     0.000   0.399169   0.018965   0.015474   0.034438   0.000000  -0.000000  -0.023512   0.000000  -0.000000    9.9974     0.1721
    3.300     0.000   0.404283   0.019450   0.015462   0.034912   0.000000  -0.000000  -0.022540   0.000000   0.000000    9.9974     0.1715
    3.400     0.000   0.409392   0.019941   0.015450   0.035391   0.000000  -0.000000  -0.021567   0.000000   0.000000    9.9974     0.1709
    3.500     0.000   0.414497   0.020438   0.015439   0.035877  -0.000000  -0.000000  -0.020594   0.000000  -0.000000    9.9974     0.1703
    3.600     0.000   0.419598   0.020941   0.015427   0.036368   0.000000  -0.000000  -0.019621   0.000000   0.000000    9.9974     0.1697
    3.700     0.000   0.424695   0.021450   0.015414   0.036864   0.000000  -0.000000  -0.018647   0.000000   0.000000    9.9974     0.1692
    3.800     0.000   0.429787   0.021964   0.015402   0.037366   0.000000  -0.000000  -0.017674   0.000000  -0.000000    9.9974     0.1686
    3.900     0.000   0.434875   0.022484   0.015388   0.037873  -0.000000  -0.000000  -0.016701   0.000000  -0.000000    9.9974     0.1681
    4.000     0.000   0.439959   0.023010   0.015374   0.038384   0.000000  -0.000000  -0.015727   0.000000   0.000000    9.9974     0.1676
    4.100     0.000   0.445039   0.023542   0.015360   0.038902   0.000000  -0.000000  -0.014754   0.000000   0.000000    9.9974     0.1671
    4.200     0.000   0.450114   0.024079   0.015346   0.039425   0.000000  -0.000000  -0.013781   0.000000   0.000000    9.9974     0.1666
    4.300     0.000   0.455184   0.024623   0.015332   0.039955   0.000000  -0.000000  -0.012807   0.000000  -0.000000    9.9974     0.1661
    4.400     0.000   0.460250   0.025171   0.015319   0.040490   0.000000  -0.000000  -0.011834   0.000000   0.000000    9.9974     0.1656
    4.500     0.000   0.465312   0.025726   0.015307   0.041033   0.000000  -0.000000  -0.010860   0.000000   0.000000    9.9974     0.1651
    4.600     0.000   0.470369   0.026286   0.015296   0.041582   0.000000  -0.000000  -0.009887   0.000000  -0.000000    9.9974     0.1647
    4.700     0.000   0.475421   0.026852   0.015287   0.042139   0.000000  -0.000000  -0.008913   0.000000  -0.000000    9.9974     0.1643
    4.800     0.000   0.480468   0.027423   0.015305   0.042729   0.000000   0.000000  -0.007941   0.000000  -0.000000    9.9974     0.1638
    4.900     0.000   0.485511   0.028000   0.015299   0.043299   0.000000  -0.000000  -0.006968   0.000000   0.000000    9.9974     0.1634
    5.000     0.000   0.490549   0.028583   0.015297   0.043880   0.000000  -0.000000  -0.005995   0.000000   0.000000    9.9974     0.1630
    5.100     0.000   0.495582   0.029171   0.015294   0.044466   0.000000  -0.000000  -0.005022   0.000000   0.000000    9.9974     0.1626
    5.200     0.000   0.500610   0.029765   0.015339   0.045104   0.000000  -0.000000  -0.004050   0.000000  -0.000000    9.9974     0.1622
    5.300     0.000   0.505634   0.030364   0.015337   0.045701   0.000000   0.000000  -0.003077   0.000000  -0.000000    9.9974     0.1618
    5.400     0.000   0.510652   0.030969   0.015333   0.046302  -0.000000  -0.000000  -0.002105   0.000000   0.000000    9.9974     0.1615
    5.500     0.000   0.515665   0.031579   0.015327   0.046906   0.000000  -0.000000  -0.001132   0.000000   0.000000    9.9974     0.1611
    5.600     0.000   0.520673   0.032195   0.015320   0.047514  -0.000000  -0.000000  -0.000160   0.000000  -0.000000    9.9974     0.1607
    5.700     0.000   0.525676   0.032816   0.015312   0.048128   0.000000  -0.000000   0.000813   0.000000   0.000000    9.9974     0.1604
    5.800     0.000   0.530674   0.033442   0.015303   0.048745   0.000000   0.000000   0.001785   0.000000  -0.000000    9.9974     0.1600
    5.900     0.000   0.535667   0.034074   0.015294   0.049368   0.000000  -0.000000   0.002757   0.000000  -0.000000    9.9974     0.1597
    6.000     0.000   0.540654   0.034712   0.015284   0.049996   0.000000  -0.000000   0.003729   0.000000  -0.000000    9.9974     0.1594
    6.100     0.000   0.545637   0.035354   0.015304   0.050659   0.000000  -0.000000   0.004700   0.000000  -0.000000    9.9974     0.1591
    6.200     0.000   0.550614   0.036002   0.015294   0.051296   0.000000  -0.000000   0.005671   0.000000   0.000000    9.9974     0.1587
    6.300     0.000   0.555585   0.036656   0.015286   0.051941   0.000000  -0.000000   0.006643   0.000000   0.000000    9.9974     0.1584
    6.400     0.000   0.560551   0.037314   0.015273   0.052588   0.000000  -0.000000   0.007614   0.000000   0.000000    9.9974     0.1581
    6.500     0.000   0.565512   0.037978   0.015272   0.053251   0.000000  -0.000000   0.008584   0.000000  -0.000000    9.9974     0.1579
    6.600     0.000   0.570467   0.038647   0.015305   0.053952   0.000000  -0.000000   0.009553   0.000000   0.000000    9.9974     0.1576
    6.700     0.000   0.575416   0.039322   0.015294   0.054615   0.000000   0.000000   0.010523   0.000000  -0.000000    9.9974     0.1573
    6.800     0.000   0.580360   0.040001   0.015310   0.055311   0.000000  -0.000000   0.011492   0.000000   0.000000    9.9974     0.1570
    6.900     0.000   0.585299   0.040686   0.015299   0.055985   0.000000   0.000000   0.012461   0.000000   0.000000    9.9974     0.1567
    7.000     0.000   0.590231   0.041376   0.015288   0.056663   0.000000  -0.000000   0.013430   0.000000   0.000000    9.9974     0.1565
    7.100     0.000   0.595158   0.042071   0.015284   0.057354   0.000000  -0.000000   0.014399   0.000000  -0.000000    9.9974     0.1562
    7.200     0.000   0.600079   0.042771   0.015286   0.058057   0.000000  -0.000000   0.015367   0.000000  -0.000000    9.9974     0.1560
    7.300     0.000   0.604995   0.043476   0.015288   0.058764   0.000000  -0.000000   0.016336   0.000000  -0.000000    9.9974     0.1557
    7.400     0.000   0.609904   0.044187   0.015298   0.059485   0.000000  -0.000000   0.017303   0.000000  -0.000000    9.9974     0.1555
    7.500     0.000   0.614808   0.044902   0.015339   0.060241   0.000000  -0.000000   0.018270   0.000000   0.000000    9.9974     0.1552
    7.600     0.000   0.619706   0.045622   0.015341   0.060963   0.000000  -0.000000   0.019237   0.000000   0.000000    9.9974     0.1550
    7.700     0.000   0.624597   0.046348   0.015344   0.061692   0.000000  -0.000000   0.020204   0.000000  -0.000000    9.9974     0.1548
    7.800     0.000   0.629483   0.047078   0.015349   0.062427   0.000000  -0.000000   0.021170   0.000000  -0.000000    9.9974     0.1545
    7.900     0.000   0.634363   0.047814   0.015347   0.063160   0.000000  -0.000000   0.022136   0.000000  -0.000000    9.9974     0.1543
    8.000     0.000   0.639236   0.048554   0.015345   0.063899   0.000000  -0.000000   0.023101   0.000000  -0.000000    9.9974     0.1541
    8.100     0.000   0.644104   0.049299   0.015408   0.064707  -0.000000  -0.000000   0.024064   0.000000   0.000000    9.9974     0.1539
    8.200     0.000   0.648965   0.050049   0.015421   0.065470   0.000000  -0.000000   0.025029   0.000000   0.000000    9.9974     0.1537
    8.300     0.000   0.653820   0.050804   0.015436   0.066240   0.000000  -0.000000   0.025993   0.000000   0.000000    9.9974     0.1535
    8.400     0.000   0.658669   0.051564   0.015460   0.067023   0.000000  -0.000000   0.026957   0.000000   0.000000    9.9974     0.1533
    8.500     0.000   0.663511   0.052328   0.015512   0.067840   0.000000  -0.000000   0.027919   0.000000  -0.000000    9.9974     0.1531
    8.600     0.000   0.668347   0.053098   0.015529   0.068627   0.000000  -0.000000   0.028882   0.000000  -0.000000    9.9974     0.1529
    8.700     0.000   0.673177   0.053872   0.015540   0.069412   0.000000  -0.000000   0.029844   0.000000  -0.000000    9.9974     0.1527
    8.800     0.000   0.678000   0.054650   0.015554   0.070204   0.000000  -0.000000   0.030805   0.000000  -0.000000    9.9974     0.1525
    8.900     0.000   0.682817   0.055434   0.015568   0.071002   0.000000  -0.000000   0.031766   0.000000   0.000000    9.9974     0.1524
    9.000     0.000   0.687628   0.056222   0.015619   0.071841   0.000000  -0.000000   0.032727   0.000000  -0.000000    9.9974     0.1522
    9.100     0.000   0.692431   0.057015   0.015630   0.072645   0.000000  -0.000000   0.033687   0.000000  -0.000000    9.9974     0.1520
    9.200     0.000   0.697229   0.057813   0.015639   0.073452   0.000000  -0.000000   0.034647   0.000000  -0.000000    9.9974     0.1518
    9.300     0.000   0.702019   0.058615   0.015659   0.074274  -0.000000  -0.000000   0.035606   0.000000  -0.000000    9.9974     0.1517
    9.400     0.000   0.706803   0.059421   0.015676   0.075098   0.000000  -0.000000   0.036564   0.000000   0.000000    9.9974     0.1515
    9.500     0.000   0.711580   0.060233   0.015704   0.075936   0.000000  -0.000000   0.037522   0.000000   0.000000    9.9974     0.1513
    9.600     0.000   0.716351   0.061048   0.015803   0.076851   0.000000  -0.000000   0.038478   0.000000  -0.000000    9.9974     0.1512
    9.700     0.000   0.721114   0.061869   0.015831   0.077700   0.000000  -0.000000   0.039435   0.000000  -0.000000    9.9974     0.1510
    9.800     0.000   0.725871   0.062693   0.015866   0.078559   0.000000  -0.000000   0.040391   0.000000  -0.000000    9.9974     0.1509
   10.000     0.000   0.735364   0.064356   0.015911   0.080267   0.000000  -0.000000   0.042301   0.000000  -0.000000    9.9974     0.1506
   10.100     0.000   0.740101   0.065194   0.015930   0.081124   0.000000  -0.000000   0.043255   0.000000   0.000000    9.9974     0.1505
   10.200     0.000   0.744830   0.066036   0.015951   0.081987   0.000000  -0.000000   0.044209   0.000000   0.000000    9.9974     0.1503
   10.300     0.000   0.749552   0.066883   0.016008   0.082891   0.000000  -0.000000   0.045160   0.000000   0.000000    9.9974     0.1502
   10.400     0.000   0.754267   0.067734   0.016025   0.083759   0.000000  -0.000000   0.046112   0.000000   0.000000    9.9974     0.1500
   10.500     0.000   0.758975   0.068589   0.016085   0.084674   0.000000  -0.000000   0.047063   0.000000  -0.000000    9.9974     0.1499
   10.600     0.000   0.763676   0.069449   0.016106   0.085555   0.000000   0.000000   0.048014   0.000000   0.000000    9.9974     0.1498
   10.700     0.000   0.768370   0.070312   0.016134   0.086446   0.000000  -0.000000   0.048964   0.000000  -0.000000    9.9974     0.1497
   10.800     0.000   0.773056   0.071180   0.016159   0.087340   0.000000  -0.000000   0.049914   0.000000   0.000000    9.9974     0.1495
   10.900     0.000   0.777736   0.072052   0.016194   0.088246   0.000000  -0.000000   0.050863   0.000000   0.000000    9.9974     0.1494
   11.000     0.000   0.782408   0.072929   0.016227   0.089155   0.000000  -0.000000   0.051811   0.000000  -0.000000    9.9974     0.1493
   11.100     0.000   0.787072   0.073809   0.016261   0.090070  -0.000000  -0.000000   0.052758   0.000000  -0.000000    9.9974     0.1492
   11.200     0.000   0.791730   0.074694   0.016371   0.091064   0.000000  -0.000000   0.053703   0.000000  -0.000000    9.9974     0.1491
   11.300     0.000   0.796380   0.075582   0.016438   0.092020   0.000000  -0.000000   0.054646   0.000000   0.000000    9.9974     0.1489
   11.400     0.000   0.801022   0.076475   0.016467   0.092941   0.000000  -0.000000   0.055591   0.000000  -0.000000    9.9974     0.1488
   11.500     0.000   0.805657   0.077371   0.016491   0.093862   0.000000  -0.000000   0.056535   0.000000  -0.000000    9.9974     0.1487
   11.600     0.000   0.810285   0.078272   0.016518   0.094789   0.000000  -0.000000   0.057478   0.000000  -0.000000    9.9974     0.1486
   11.700     0.000   0.814905   0.079176   0.016540   0.095716  -0.000000  -0.000000   0.058420   0.000000  -0.000000    9.9974     0.1485
   11.800     0.000   0.819517   0.080084   0.016561   0.096645   0.000000  -0.000000   0.059361  -0.000000  -0.000000    9.9974     0.1484
   11.900     0.000   0.824122   0.080997   0.016615   0.097611   0.000000  -0.000000   0.060301  -0.000000  -0.000000    9.9974     0.1483
   12.000     0.000   0.828720   0.081913   0.016644   0.098556   0.000000  -0.000000   0.061241  -0.000000  -0.000000    9.9974     0.1482
   12.100     0.000   0.833309   0.082833   0.016671   0.099504   0.000000  -0.000000   0.062180  -0.000000  -0.000000    9.9974     0.1481
   12.200     0.000   0.837891   0.083756   0.016701   0.100457  -0.000000  -0.000000   0.063118  -0.000000   0.000000    9.9974     0.1480
   12.300     0.000   0.842465   0.084684   0.016777   0.101460   0.000000  -0.000000   0.064053  -0.000000   0.000000    9.9974     0.1479
   12.400     0.000   0.847032   0.085615   0.016815   0.102430   0.000000  -0.000000   0.064989  -0.000000  -0.000000    9.9974     0.1478
   12.500     0.000   0.851590   0.086550   0.016851   0.103400   0.000000  -0.000000   0.065925  -0.000000   0.000000    9.9974     0.1478
   12.600     0.000   0.856141   0.087488   0.016885   0.104374  -0.000000  -0.000000   0.066860  -0.000000   0.000000    9.9974     0.1477
   12.700     0.000   0.860684   0.088430   0.016945   0.105375   0.000000  -0.000000   0.067793  -0.000000   0.000000    9.9974     0.1476
   12.800     0.000   0.865218   0.089376   0.017030   0.106406   0.000000  -0.000000   0.068724  -0.000000  -0.000000    9.9974     0.1475
   12.900     0.000   0.869745   0.090326   0.017070   0.107396   0.000000  -0.000000   0.069656  -0.000000   0.000000    9.9974     0.1474
   13.000     0.000   0.874264   0.091279   0.017105   0.108383   0.000000  -0.000000   0.070586  -0.000000  -0.000000    9.9974     0.1473
   13.100     0.000   0.878775   0.092235   0.017135   0.109370   0.000000  -0.000000   0.071516  -0.000000  -0.000000    9.9974     0.1473
   13.200     0.000   0.883278   0.093195   0.017166   0.110361   0.000000  -0.000000   0.072444  -0.000000   0.000000    9.9974     0.1472
   13.300     0.000   0.887773   0.094158   0.017195   0.111353   0.000000  -0.000000   0.073371  -0.000000  -0.000000    9.9974     0.1471
   13.400     0.000   0.892259   0.095125   0.017224   0.112350   0.000000  -0.000000   0.074298  -0.000000  -0.000000    9.9974     0.1470
   13.500     0.000   0.896738   0.096095   0.017254   0.113349   0.000000  -0.000000   0.075223  -0.000000  -0.000000    9.9974     0.1470
   13.600     0.000   0.901208   0.097069   0.017325   0.114394   0.000000   0.000000   0.076148  -0.000000  -0.000000    9.9974     0.1469
   13.700     0.000   0.905670   0.098046   0.017364   0.115410   0.000000  -0.000000   0.077071  -0.000000  -0.000000    9.9974     0.1468
   13.800     0.000   0.910124   0.099026   0.017434   0.116460   0.000000  -0.000000   0.077991  -0.000000  -0.000000    9.9974     0.1468
   13.900     0.000   0.914570   0.100009   0.017479   0.117489   0.000000  -0.000000   0.078912  -0.000000   0.000000    9.9974     0.1467
   14.000     0.000   0.919007   0.100996   0.017522   0.118518   0.000000  -0.000000   0.079833  -0.000000   0.000000    9.9974     0.1466
   14.100     0.000   0.923436   0.101986   0.017562   0.119548   0.000000  -0.000000   0.080752  -0.000000  -0.000000    9.9974     0.1466
   14.200     0.000   0.927857   0.102979   0.017648   0.120627   0.000000  -0.000000   0.081668  -0.000000  -0.000000    9.9974     0.1465
   14.300     0.000   0.932269   0.103975   0.017690   0.121666  -0.000000  -0.000000   0.082585  -0.000000  -0.000000    9.9974     0.1465
   14.400     0.000   0.936672   0.104975   0.017731   0.122706   0.000000  -0.000000   0.083501  -0.000000  -0.000000    9.9974     0.1464
   14.500     0.000   0.941067   0.105977   0.017833   0.123810   0.000000  -0.000000   0.084414  -0.000000  -0.000000    9.9974     0.1464
   14.600     0.000   0.945454   0.106983   0.017873   0.124856   0.000000  -0.000000   0.085327  -0.000000   0.000000    9.9974     0.1463
   14.700     0.000   0.949832   0.107991   0.017908   0.125899  -0.000000  -0.000000   0.086239  -0.000000  -0.000000    9.9974     0.1462
   14.800     0.000   0.954202   0.109002   0.017943   0.126945   0.000000  -0.000000   0.087150  -0.000000   0.000000    9.9974     0.1462
   14.900     0.000   0.958563   0.110017   0.017974   0.127991   0.000000  -0.000000   0.088059  -0.000000   0.000000    9.9974     0.1461
   15.000     0.000   0.962915   0.111034   0.018008   0.129042  -0.000000  -0.000000   0.088968  -0.000000  -0.000000    9.9974     0.1461
   15.100     0.000   0.967259   0.112054   0.018069   0.130123   0.000000  -0.000000   0.089875  -0.000000  -0.000000    9.9974     0.1461
   15.200     0.000   0.971594   0.113077   0.018101   0.131178   0.000000  -0.000000   0.090781  -0.000000  -0.000000    9.9974     0.1460
   15.300     0.000   0.975920   0.114103   0.018135   0.132238   0.000000  -0.000000   0.091686  -0.000000  -0.000000    9.9974     0.1460
   15.400     0.000   0.980238   0.115131   0.018170   0.133301   0.000000  -0.000000   0.092590  -0.000000  -0.000000    9.9974     0.1459
   15.500     0.000   0.984547   0.116163   0.018206   0.134368   0.000000  -0.000000   0.093493  -0.000000  -0.000000    9.9974     0.1459
   15.600     0.000   0.988847   0.117197   0.018238   0.135435   0.000000  -0.000000   0.094395  -0.000000  -0.000000    9.9974     0.1458
   15.700     0.000   0.993138   0.118234   0.018273   0.136506   0.000000  -0.000000   0.095295  -0.000000  -0.000000    9.9974     0.1458
   15.800     0.000   0.997420   0.119273   0.018307   0.137579   0.000000  -0.000000   0.096194   0.000000   0.000000    9.9974     0.1458
   15.900     0.000   1.001693   0.120315   0.018341   0.138656   0.000000  -0.000000   0.097092   0.000000  -0.000000    9.9974     0.1457
   16.000     0.000   1.005958   0.121359   0.018376   0.139736   0.000000  -0.000000   0.097988   0.000000  -0.000000    9.9974     0.1457
   16.100     0.000   1.010213   0.122406   0.018413   0.140819   0.000000  -0.000000   0.098883   0.000000  -0.000000    9.9974     0.1456
   16.200     0.000   1.014460   0.123456   0.018538   0.141994   0.000000  -0.000000   0.099772   0.000000  -0.000000    9.9974     0.1456
   16.300     0.000   1.018698   0.124508   0.018583   0.143091   0.000000  -0.000000   0.100664   0.000000  -0.000000    9.9974     0.1456
   16.400     0.000   1.022926   0.125563   0.018628   0.144191   0.000000  -0.000000   0.101554   0.000000  -0.000000    9.9974     0.1455
   16.500     0.000   1.027146   0.126619   0.018690   0.145309  -0.000000  -0.000000   0.102444   0.000000   0.000000    9.9974     0.1455
   16.600     0.000   1.031356   0.127679   0.018735   0.146414  -0.000000  -0.000000   0.103332   0.000000  -0.000000    9.9974     0.1455
   16.700     0.000   1.035557   0.128740   0.018822   0.147562   0.000000  -0.000000   0.104215   0.000000  -0.000000    9.9974     0.1455
   16.800     0.000   1.039749   0.129804   0.018863   0.148668   0.000000  -0.000000   0.105100   0.000000  -0.000000    9.9974     0.1454
   16.900     0.000   1.043932   0.130870   0.018904   0.149775   0.000000  -0.000000   0.105984   0.000000   0.000000    9.9974     0.1454
   17.000     0.000   1.048106   0.131939   0.018943   0.150882  -0.000000  -0.000000   0.106867   0.000000  -0.000000    9.9974     0.1454
   17.100     0.000   1.052270   0.133009   0.018981   0.151990   0.000000  -0.000000   0.107748   0.000000  -0.000000    9.9974     0.1454
   17.200     0.000   1.056426   0.134082   0.019018   0.153100   0.000000  -0.000000   0.108628   0.000000   0.000000    9.9974     0.1453
   17.300     0.000   1.060572   0.135157   0.019054   0.154211   0.000000  -0.000000   0.109507   0.000000  -0.000000    9.9974     0.1453
   17.400     0.000   1.064708   0.136234   0.019086   0.155320   0.000000  -0.000000   0.110383   0.000000  -0.000000    9.9974     0.1453
   17.500     0.000   1.068836   0.137313   0.019117   0.156430   0.000000  -0.000000   0.111259   0.000000  -0.000000    9.9974     0.1453
   17.600     0.000   1.072954   0.138394   0.019159   0.157553   0.000000  -0.000000   0.112132   0.000000   0.000000    9.9974     0.1452
   17.700     0.000   1.077062   0.139477   0.019232   0.158709   0.000000  -0.000000   0.113003   0.000000  -0.000000    9.9974     0.1452
   17.800     0.000   1.081162   0.140562   0.019278   0.159840   0.000000  -0.000000   0.113873   0.000000  -0.000000    9.9974     0.1452
   17.900     0.000   1.085251   0.141649   0.019318   0.160967  -0.000000  -0.000000   0.114742   0.000000  -0.000000    9.9974     0.1452
   18.000     0.000   1.089332   0.142738   0.019387   0.162125  -0.000000  -0.000000   0.115610   0.000000  -0.000000    9.9974     0.1452
   18.100     0.000   1.093403   0.143829   0.019433   0.163261   0.000000  -0.000000   0.116476   0.000000  -0.000000    9.9974     0.1452
   18.200     0.000   1.097464   0.144921   0.019477   0.164398   0.000000  -0.000000   0.117340   0.000000  -0.000000    9.9974     0.1451
   18.300     0.000   1.101516   0.146015   0.019523   0.165538   0.000000  -0.000000   0.118203   0.000000   0.000000    9.9974     0.1451
   18.400     0.000   1.105558   0.147111   0.019571   0.166682  -0.000000  -0.000000   0.119065   0.000000   0.000000    9.9974     0.1451
   18.500     0.000   1.109591   0.148209   0.019628   0.167837   0.000000  -0.000000   0.119925   0.000000   0.000000    9.9974     0.1451
   18.600     0.000   1.113614   0.149308   0.019704   0.169012  -0.000000  -0.000000   0.120781   0.000000  -0.000000    9.9974     0.1451
   18.700     0.000   1.117628   0.150409   0.019749   0.170158   0.000000  -0.000000   0.121639   0.000000  -0.000000    9.9974     0.1451
   18.800     0.000   1.121632   0.151512   0.019794   0.171306   0.000000  -0.000000   0.122494   0.000000   0.000000    9.9974     0.1451
   18.900     0.000   1.125626   0.152616   0.019838   0.172453   0.000000  -0.000000   0.123348   0.000000  -0.000000    9.9974     0.1451
   19.000     0.000   1.129611   0.153722   0.019879   0.173600  -0.000000  -0.000000   0.124200   0.000000  -0.000000    9.9974     0.1451
   19.100     0.000   1.133585   0.154829   0.019917   0.174745   0.000000  -0.000000   0.125050   0.000000   0.000000    9.9974     0.1451
   19.200     0.000   1.137550   0.155937   0.019956   0.175893   0.000000  -0.000000   0.125899   0.000000   0.000000    9.9974     0.1451
   19.300     0.000   1.141506   0.157047   0.020050   0.177097   0.000000  -0.000000   0.126745   0.000000  -0.000000    9.9974     0.1451
   19.400     0.000   1.145451   0.158159   0.020128   0.178286   0.000000  -0.000000   0.127590   0.000000   0.000000    9.9974     0.1451
   19.500     0.000   1.149387   0.159271   0.020174   0.179446   0.000000  -0.000000   0.128433   0.000000   0.000000    9.9974     0.1450
   19.600     0.000   1.153313   0.160385   0.020220   0.180605   0.000000  -0.000000   0.129275   0.000000  -0.000000    9.9974     0.1450
   19.700     0.000   1.157229   0.161501   0.020273   0.181774   0.000000  -0.000000   0.130116   0.000000   0.000000    9.9974     0.1450
   19.800     0.000   1.161136   0.162617   0.020321   0.182938   0.000000  -0.000000   0.130954   0.000000   0.000000    9.9974     0.1450
   19.900     0.000   1.165032   0.163735   0.020369   0.184104   0.000000  -0.000000   0.131792   0.000000  -0.000000    9.9974     0.1450
   20.000     0.000   1.168918   0.164854   0.020461   0.185315  -0.000000  -0.000000   0.132623   0.000000  -0.000000    9.9974     0.1450
   20.100     0.000   1.172795   0.165974   0.020503   0.186476   0.000000  -0.000000   0.133457   0.000000   0.000000    9.9974     0.1451
   20.200     0.000   1.176662   0.167095   0.020556   0.187651  -0.000000  -0.000000   0.134290   0.000000   0.000000    9.9974     0.1451
   20.300     0.000   1.180518   0.168217   0.020604   0.188821   0.000000  -0.000000   0.135120   0.000000  -0.000000    9.9974     0.1451
   20.400     0.000   1.184365   0.169340   0.020650   0.189990   0.000000  -0.000000   0.135949   0.000000   0.000000    9.9974     0.1451
   20.500     0.000   1.188202   0.170464   0.020700   0.191164   0.000000  -0.000000   0.136776   0.000000  -0.000000    9.9974     0.1451
   20.600     0.000   1.192028   0.171589   0.020772   0.192361   0.000000  -0.000000   0.137601   0.000000  -0.000000    9.9974     0.1451
   20.700     0.000   1.195845   0.172715   0.020842   0.193557   0.000000  -0.000000   0.138424   0.000000  -0.000000    9.9974     0.1451
   20.800     0.000   1.199652   0.173842   0.020976   0.194818   0.000000  -0.000000   0.139242   0.000000  -0.000000    9.9974     0.1451
   20.900     0.000   1.203448   0.174970   0.021047   0.196016   0.000000  -0.000000   0.140061   0.000000  -0.000000    9.9974     0.1451
   21.000     0.000   1.207234   0.176098   0.021105   0.197203   0.000000  -0.000000   0.140878   0.000000   0.000000    9.9974     0.1451
   21.100     0.000   1.211011   0.177227   0.021158   0.198385   0.000000  -0.000000   0.141694   0.000000   0.000000    9.9974     0.1451
   21.200     0.000   1.214777   0.178357   0.021230   0.199587   0.000000  -0.000000   0.142509   0.000000  -0.000000    9.9974     0.1451
   21.300     0.000   1.218533   0.179488   0.021304   0.200792  -0.000000  -0.000000   0.143322   0.000000  -0.000000    9.9974     0.1451
   21.400     0.000   1.222279   0.180619   0.021370   0.201989  -0.000000  -0.000000   0.144134   0.000000  -0.000000    9.9974     0.1451
   21.500     0.000   1.226014   0.181751   0.021459   0.203210   0.000000  -0.000000   0.144943   0.000000  -0.000000    9.9974     0.1452
   21.600     0.000   1.229740   0.182883   0.021551   0.204434   0.000000  -0.000000   0.145751   0.000000  -0.000000    9.9974     0.1452
   21.700     0.000   1.233455   0.184016   0.021652   0.205668  -0.000000  -0.000000   0.146557   0.000000  -0.000000    9.9974     0.1452
   21.800     0.000   1.237160   0.185149   0.021714   0.206863   0.000000  -0.000000   0.147361   0.000000  -0.000000    9.9974     0.1452
   21.900     0.000   1.240855   0.186283   0.021773   0.208056  -0.000000  -0.000000   0.148163   0.000000   0.000000    9.9974     0.1452
   22.000     0.000   1.244539   0.187418   0.021848   0.209266   0.000000  -0.000000   0.148963   0.000000  -0.000000    9.9974     0.1452
   22.100     0.000   1.248213   0.188552   0.022051   0.210604  -0.000000  -0.000000   0.149766  -0.000000  -0.000000    9.9974     0.1453
   22.200     0.000   1.251877   0.189687   0.022230   0.211917   0.000000  -0.000000   0.150564   0.000000  -0.000000    9.9974     0.1453
   22.300     0.000   1.255531   0.190822   0.022348   0.213170   0.000000  -0.000000   0.151360   0.000000  -0.000000    9.9974     0.1453
   22.400     0.000   1.259174   0.191958   0.022509   0.214467  -0.000000  -0.000000   0.152154   0.000000   0.000000    9.9974     0.1453
   22.500     0.000   1.262807   0.193094   0.022739   0.215832   0.000000  -0.000000   0.152948  -0.000000  -0.000000    9.9974     0.1453
   22.600     0.000   1.266429   0.194230   0.022903   0.217133   0.000000  -0.000000   0.153740  -0.000000   0.000000    9.9974     0.1453
   22.700     0.000   1.270041   0.195366   0.023200   0.218566   0.000000  -0.000000   0.154537  -0.000000   0.000000    9.9974     0.1454
   22.800     0.000   1.273643   0.196502   0.023465   0.219967  -0.000000  -0.000000   0.155329   0.000000  -0.000000    9.9974     0.1454
   22.900     0.000   1.277234   0.197639   0.023648   0.221287   0.000000  -0.000000   0.156115   0.000000   0.000000    9.9974     0.1454
   23.000     0.000   1.280815   0.198775   0.023938   0.222713   0.000000  -0.000000   0.156903   0.000000  -0.000000    9.9974     0.1454
   23.100     0.000   1.284386   0.199911   0.024390   0.224301   0.000000  -0.000000   0.157698   0.000000  -0.000000    9.9974     0.1455
   23.200     0.000   1.287946   0.201048   0.024746   0.225794   0.000000  -0.000000   0.158487   0.000000  -0.000000    9.9974     0.1455
   23.300     0.000   1.291495   0.202184   0.025051   0.227235   0.000000  -0.000000   0.159273   0.000000   0.000000    9.9974     0.1455
   23.400     0.000   1.295034   0.203320   0.025575   0.228895  -0.000000  -0.000000   0.160064   0.000000  -0.000000    9.9974     0.1455
   23.500     0.000   1.298563   0.204456   0.026065   0.230522   0.000000  -0.000000   0.160847  -0.000000  -0.000000    9.9974     0.1455
   23.600     0.000   1.302081   0.205592   0.026513   0.232105   0.000000  -0.000000   0.161630  -0.000000   0.000000    9.9974     0.1456
   23.700     0.000   1.305588   0.206728   0.026852   0.233580  -0.000000  -0.000000   0.162416  -0.000000  -0.000000    9.9974     0.1456
   23.800     0.000   1.309085   0.207863   0.027984   0.235847   0.000000  -0.000000   0.163221  -0.000000  -0.000000    9.9974     0.1456
   23.900     0.000   1.312572   0.208998   0.028145   0.237143   0.000000  -0.000000   0.163992  -0.000000  -0.000000    9.9974     0.1457
   24.000     0.000   1.316048   0.210133   0.027871   0.238003  -0.000000  -0.000000   0.164753  -0.000000  -0.000000    9.9974     0.1457
   24.100     0.000   1.319513   0.211267   0.028230   0.239497   0.000000  -0.000000   0.165533  -0.000000  -0.000000    9.9974     0.1457
   24.200     0.000   1.322968   0.212401   0.029285   0.241686   0.000000  -0.000000   0.166333  -0.000000   0.000000    9.9974     0.1457
   24.300     0.000   1.326412   0.213534   0.029688   0.243222   0.000000  -0.000000   0.167103  -0.000000  -0.000000    9.9974     0.1458
   24.400     0.000   1.329845   0.214667   0.030740   0.245408   0.000000  -0.000000   0.167890  -0.000000  -0.000000    9.9974     0.1458
   24.500     0.000   1.333268   0.215800   0.031819   0.247619   0.000000  -0.000000   0.168719  -0.000000   0.000000    9.9974     0.1458
   24.600     0.000   1.336681   0.216932   0.032193   0.249125  -0.000000  -0.000000   0.169456  -0.000000  -0.000000    9.9974     0.1459


